0 0.3169674711254023 0.5685343623685598 0.008495995334945642 0.028319984449818335
0 0.3783510374203835 0.5971375466628764 0.008071195568198207 0.036815979784763614
0 0.3898206311225596 0.5948719479068887 0.007221596034704249 0.03341758165078536
0 0.6723124760094962 0.5775967573925018 0.00977039463518736 0.03964797822974564
0 0.7062964573492765 0.5750479587920176 0.008920795101692785 0.03455038102877911
0 0.6842068694784205 0.5798623561484874 0.008920795101692818 0.03511678071777467
0 0.6954640632972232 0.5775967573925018 0.009345594868440088 0.03624958009576737
0 0.44625215496801096 0.6238892574294954 0.011469593702176296 0.04134717729673447
0 0.4602705472706708 0.6219068585180082 0.009770394635187358 0.04304637636372384
0 0.5940824737960618 0.6142604627165573 0.012319193235670838 0.049276772942683705
0 0.6093752653989636 0.6187916602285273 0.009770394635187335 0.044745575430712885
0 0.701769214666495 0.6261548561854806 0.010195194401934615 0.04247997667472687
0 0.7121768089518039 0.6267212558744772 0.011469593702176296 0.04474557543071285
0 0.7863043682492029 0.6451292457668586 0.011894393468923464 0.056639968899636385
0 0.8096683554203032 0.6394652488768956 0.011044793935429311 0.037382379473760066
0 0.19841759905115033 0.7670278991217789 0.03100613497488358 0.08747099254684318
0 0.43520736103258023 0.7198940047143787 0.013168792769165393 0.08495995334945343
0 0.43945535870005054 0.7207436042478732 0.014018392302659954 0.08212795490447493
0 0.33070661841275234 0.7193276050253823 0.014018392302659739 0.03398398133978288
0 0.3351670159635988 0.7388683942957553 0.017841590203385466 0.028886384138814926
0 0.40802017596075624 0.7686043779680668 0.01911598950362725 0.11101433904328754
0 0.3748857941544689 0.7281068002048267 0.009770394635187358 0.013027192846916336
0 0.38316938960604036 0.7671883787455747 0.025487986004836573 0.11837753500024054
0 0.17911087870025116 0.9054112519376045 0.21865632584229538 0.18917749612478274
0 0.30075823485706926 0.8782240668657788 0.12319193235670872 0.24355186626843509
0 0.3298570188792573 0.8600992768178961 0.19158469480301923 0.2798014463642022
0 0.820500749472356 0.7077377604778755 0.02166478810411069 0.08722555210543921
0 0.8207131493557307 0.7131185575233409 0.013593592535910907 0.05833916796662538
0 0.8115799543706654 0.7286945489707408 0.025912785771584502 0.06230396578960019
0 0.6522800418404386 0.6462833942217701 0.01231919323567098 0.0628703654785964
0 0.5637092904736305 0.6527969906452283 0.010195194401934527 0.06003836703361493
0 0.6355004510539211 0.6695057814706211 0.013593592535913003 0.06626876361257467
0 0.5488412986374773 0.6833825738510322 0.008495995334945477 0.016991990669891096
0 0.5433189016697627 0.6890465707409957 0.010195194401934487 0.014726391913905559
0 0.5354174230137143 0.6992227949334974 0.009345594868439945 0.0254879860048365
0 0.5923938947232419 0.7008475082612349 0.01182217750857653 0.030840463065852076
0 0.5654084895406213 0.7519056082258123 0.014392216097397744 0.09868948181072673
0 0.5476752232777562 0.7573883572152971 0.021074316428332338 0.13158597574763536
0 0.5307129685915377 0.7649271370758387 0.015934239250690253 0.12062047776866607
0 0.46491998071772 0.7645844652639958 0.017990270121747046 0.113081697908124
0 0.4793121968151176 0.7741792759955942 0.017990270121747115 0.15146094083451797
0 0.4937044129125151 0.7827460712916647 0.023130347299388964 0.14118078647923413
0 0.7427411521692707 0.6744617787493391 0.01850427783951119 0.04797405365799207
0 0.7527643026656725 0.7118130062402046 0.021074316428332282 0.05551283351853347
0 0.7345170286850439 0.7172957552296892 0.018504277839510554 0.02809908857110973
0 0.6877423263685012 0.7207224733481173 0.02158832414609628 0.05414214627116252
0 0.6509907745483607 0.7604724035218823 0.022102331863860628 0.12541788313446517
0 0.6196363037647444 0.7930262256469485 0.020046300992803908 0.10828429254232518
0 0.6291454465433823 0.771095229689009 0.027756416759266926 0.1398100992318629
0 0.5944499255942987 0.7820607276679786 0.019018285557275548 0.13843941198449145
0 0.885892301566602 0.7830887431035071 0.020046300992803773 0.06510764425013285
0 0.1467489464178206 0.8271395471877109 0.011630452629850576 0.022804809078138377
0 0.08688632258770727 0.7669348512214268 0.13135570029007712 0.2289602831445113
0 0.9210907996278255 0.8522248371736619 0.15781840074434897 0.2955503256526735
0 0.8336297958513486 0.8782223195227412 0.10741065075803224 0.24355536095451774
0 0.7043265283783049 0.8668199149836721 0.192244540528706 0.26636017003265633
