0 0.08996497181325597 0.8554175104446027 0.012998741174538893 0.05564373415065774
0 0.10159542444310656 0.8586101837155422 0.012998741174538893 0.05290715706128111
0 0.04036451206830496 0.8458394906317847 0.008209731268129827 0.04013646397752368
0 0.030102347983142676 0.8403663364530314 0.013682885446883035 0.03831207925127259
0 0.1563269662306387 0.8504004524474118 0.014367029719227254 0.0620290806925361
0 0.17206228449455416 0.8435590097239708 0.010262164085162305 0.033751117435644885
0 0.1915603962563624 0.8399102402714683 0.009578019812818073 0.031926732709393925
0 0.29349789283564115 0.8522248371736633 0.010946308357506424 0.05290715706128111
0 0.025655410212905704 0.88962472406181 0.05131082042581141 0.22075055187637965
0 0.2079798587926219 0.9106051484136973 0.05473154178753207 0.17878970317260495
0 0.25758031853757324 0.9210953605896406 0.08551803404301907 0.1578092788207176
0 0.3533605166657543 0.8604345684417933 0.06636199441738284 0.14047762392133217
0 0.4036451206830501 0.8700125882546114 0.08893875540473882 0.1194971995694451
0 0.48061135132176674 0.8695564920730479 0.05541568605987632 0.09121923631255349
0 0.4330633243938478 0.9543903818437234 0.2873405943845437 0.09121923631255328
0 0.5469733457391495 0.8335248937295898 0.010262164085162269 0.03739988688814705
0 0.9902988342181593 0.8586101837155422 0.017103606808603584 0.09121923631255409
0 0.7669257292977941 0.8408224326345942 0.015051173991571432 0.03192673270939381
0 0.6731979639866453 0.8257712586430227 0.010946308357506495 0.014595077810008518
0 0.666356521263204 0.834437086092715 0.028734059438454265 0.05746811887690867
0 0.6365962454162328 0.8745735500702396 0.04036451206830414 0.059292503603161295
0 0.5815226314925291 0.8599784722602302 0.19977012752449205 0.28004305547953945
0 0.7303240107273825 0.8394541440899056 0.03078649225548725 0.04196084870377445
0 0.7269032893656608 0.8531370295367893 0.026681626621421616 0.054731541787531125
0 0.7467434732636431 0.8950978782405636 0.03489135788955203 0.14959954755258745
0 0.8305511466258002 0.8376297593636549 0.023260905259701162 0.047434002882527866
0 0.8579169175195664 0.8344370860927154 0.021892616715012848 0.026453578530640554
0 0.9160691806688191 0.8408224326345939 0.01231459690219495 0.024629193804389472
0 0.9617973838323026 0.9174465911371392 0.07640523233539477 0.16510681772572172
0 0.8090006020469593 0.8608906646233544 0.02394504953204486 0.0684144272344151
0 0.7809506868808501 0.925200226223706 0.04994253188112327 0.1495995475525879
0 0.8668107930600409 0.8937295896958746 0.10262164085162372 0.21254082060824722
