0 0.6524122062533828 0.7210596861149576 0.024535608970349402 0.03575026962433533
0 0.6272474791043066 0.7217863176113873 0.02327737261289554 0.034878311828619814
0 0.5863547974870574 0.7169905497349521 0.010695009038357526 0.01714850331573814
0 0.5775471429848806 0.7171358760342379 0.006920299965995934 0.015113935125735323
0 0.5744015520912462 0.7168452234356661 0.006920299965996059 0.013951324731447801
0 0.5665375748571597 0.7162639182385226 0.007549418144722896 0.018020461111453567
0 0.5413728477080837 0.717135876034238 0.010065890859630597 0.018601766308597376
0 0.49985104791210766 0.7073990139820816 0.008807654502176354 0.00552239937286488
0 0.45738557084804105 0.706527056186366 0.009436772680903349 0.006103704570008783
0 0.42592966191169596 0.7482357040814239 0.03460149982997972 0.0842892535858312
0 0.39541743024344067 0.7547753875492902 0.041521799795976054 0.0979499257187072
0 0.47625911620984873 0.7488170092785679 0.050958572476879696 0.10754146147157789
0 0.5180954750951865 0.759425829126439 0.04278003615342943 0.09678731532441881
0 0.7011688651047183 0.7021672672077888 0.007549418144723034 0.003197178584290157
0 0.20982756751900272 0.7139386974499478 0.026422963506530162 0.015695240322878876
0 0.18969578579974158 0.7238208858013901 0.022648254434168756 0.020345681900028147
