0 0.7835762097472039 0.84579768467074 0.38105105476919426 0.3084046306585195
0 0.9387759696174196 0.7988516464482839 0.12244806076516004 0.12952994487656894
0 0.21062894034604165 0.878008834983963 0.2732236579759929 0.24398233003207412
0 0.4733439960921888 0.8673860088168363 0.09686189881423161 0.26522798236632766
0 0.499387053792242 0.9088492980498163 0.05391369839660079 0.18230140390036767
0 0.38105105476919504 0.8910303638339896 0.07858606884928146 0.21793927233202073
0 0.3116029009023865 0.8358602021273005 0.06579298787381771 0.14460750459765853
0 0.032896493936908876 0.9181014369695708 0.06579298787381775 0.1637971260608586
0 0.13249976724588314 0.795082256518009 0.05117232390185806 0.05893955163695488
0 0.5848265588783801 0.8242093605246432 0.06579298787381781 0.13912475560817697
0 0.5290852774852841 0.7841167585390368 0.04020682592288849 0.05071542815273212
0 0.07324522991369783 0.7957386546068708 0.04951790191348591 0.04951790191348583
0 0.5575922080049825 0.7938043615633741 0.03301193460899275 0.06886083234844408
0 0.35668363722057805 0.7792971637371587 0.0242431394784775 0.027466961217636622
