0 0.08509397767586308 0.9050113737571672 0.1238244592093954 0.18997725248563768
0 0.5501424603230244 0.6615087842616814 0.007915718853568662 0.021108583609516528
0 0.5987675904235177 0.6954332936341185 0.010177352811731098 0.040709411246924676
0 0.6230801554737643 0.6747016490176292 0.0056540848954063 0.0113081697908126
0 0.6403251144047434 0.7033490124876817 0.011873578280353488 0.05804860492616144
0 0.5300704589443315 0.702218195508605 0.01187357828035164 0.019600827637406355
0 0.5003865132434495 0.6754555270036829 0.006784901874487376 0.014323681735029226
0 0.3864567026010139 0.6652781741919513 0.01865848015484149 0.02563185152584019
0 0.6872540190366245 0.7007104395364975 0.013004395259433879 0.022616339581624564
0 0.7576473759844236 0.73161943696471 0.041840228226002585 0.06483350680066167
0 0.7398370085639026 0.7112647313412559 0.03901318577830281 0.058802482912224584
0 0.681882638385989 0.7233267791181223 0.019223888644381192 0.021108583609516385
0 0.6584181860700522 0.7312424979716896 0.02770501598749215 0.06709514075881733
0 0.5159352467058121 0.6927947206829272 0.016396846196677927 0.03543226534454851
0 0.5555138409736584 0.7067414634249293 0.03222828390381835 0.06181799485643827
0 0.5334629098815737 0.7014643175225491 0.033359100882892394 0.0588024829122296
0 0.3530976017181129 0.7723288482116368 0.0491905385900326 0.2291789077604719
0 0.298252978232677 0.7515972035951516 0.02770501598748923 0.17263805880639946
0 0.2756366386510512 0.8413086839355967 0.04919053859003383 0.30079731643560653
0 0.20609139443755636 0.8511090977543029 0.06502197629717145 0.29476629254717734
0 0.4099211549169495 0.6984488055783348 0.0282704244770326 0.046740435135357396
0 0.4271661138479372 0.7267192300553645 0.031097466924731698 0.06709514075882174
0 0.48681670949447364 0.690910025717792 0.02148552260254556 0.040709411246924496
0 0.506606006628389 0.7074953414109827 0.0316628754142727 0.04975594707957813
0 0.4995384005091335 0.8552554266775997 0.04353645369463833 0.2804426108121501
0 0.6154471408649649 0.7229498401250943 0.04466727067371105 0.0897114803404447
0 0.5750204338627999 0.8262311242145094 0.09159617530557468 0.3475377515709647
0 0.7070433161705401 0.8292466361587255 0.08650749889971522 0.34150672768253165
0 0.44865163645047373 0.8341468430680777 0.09103076681603799 0.3317063138638294
