0 0.1520697346820542 0.6474978262844803 0.019909807249569162 0.021111261135319026
0 0.13387629012641347 0.6505872791335514 0.019223262171997834 0.018021808286247987
0 0.1136232103380586 0.6498149159212838 0.01990980724956918 0.017506899478069472
0 0.09165376785577535 0.649042552709016 0.01990980724956918 0.016991990669891096
0 0.0714006880674205 0.648012735092659 0.016477081861712442 0.01699199066989088
0 0.04634179273606616 0.6624301817216568 0.017163626939283822 0.03655852538067374
0 0.051490880817851324 0.6462105542640342 0.002746180310285409 0.003089452849071108
0 0.025745440408925662 0.6608854552971217 0.01441744662899837 0.03449889014796014
0 0.9656256516041046 0.66114290970121 0.02677525802528304 0.03398398133978185
0 0.1349061077427702 0.7820949895280319 0.11739920826470047 0.25220233581721363
0 0.05698324143842213 0.8092262865698584 0.11396648287684426 0.3053409232498534
0 0.5897422216337904 0.7092868832659021 0.046685065274851854 0.15395773364537546
0 0.6628592723951384 0.7208723314499159 0.05698324143842373 0.17815844762976593
0 0.6405465573740701 0.7517668599406276 0.09199704039456172 0.19566534710783465
0 0.7963922899827672 0.6953843454450822 0.06178905698142159 0.12100356992195054
0 0.7260214195317023 0.7002759791227767 0.10778757717870495 0.11327993779926994
0 0.8780911542137531 0.7939378921161222 0.14966682691055716 0.3644524560001219
