0 0.11610129211725961 0.7347116386698765 0.040309006065161024 0.07545341458924754
0 0.15754576314200266 0.7359905101035926 0.034631681267251066 0.0716168002880994
0 0.19700317048747723 0.7343919208114477 0.034063948787460066 0.08056890032411175
0 0.23816377527232485 0.7839481888679442 0.0721020249334572 0.16305610779879756
0 0.5237332126071989 0.8195061435188417 0.13909445754879557 0.2284170956488697
0 0.010616597372091712 0.7275971879765308 0.021233194744183424 0.07519124701860747
0 0.9527666526333227 0.8251910642619805 0.09446669473335487 0.2633452067040816
0 0.9105293510888055 0.8128954443067334 0.06994464151025423 0.23802355231650424
0 0.7993673315457289 0.7612322350265635 0.04996045822160795 0.09460451430914546
0 0.8512013069506472 0.7585945626945239 0.046213423854987494 0.09636296253050503
0 0.41810658474208234 0.8013248544735602 0.06182606704924014 0.1579086502780874
0 0.3097548409739699 0.7353830461725771 0.03247429784404519 0.08370213533671514
0 0.35784178201226735 0.7396033219038394 0.033723309299585405 0.07526158387418792
0 0.33442281722088896 0.7227222189787884 0.016861654649792755 0.035872343715735444
0 0.43028068959076504 0.7055714593167629 0.014858163080388138 0.022805148228869712
0 0.41702487743081096 0.7135286513246778 0.015149499611376101 0.018375371234772616
0 0.4069737671117249 0.7192709548355444 0.011362124708532094 0.02985997825650571
0 0.3970683250581327 0.719845185186631 0.017188855328292115 0.03822733480091097
0 0.3838125128981787 0.7218960078690833 0.019810884107184207 0.043313375053392916
0 0.3699740276762485 0.71902485611365 0.015440836142364063 0.03757107154252637
0 0.592052641591163 0.7763904434110219 0.06592071686665549 0.15647317622246884
0 0.5483405084817232 0.726284087067171 0.031374031022099486 0.031564622070161516
0 0.7046818877884696 0.740478241016961 0.027496341794647598 0.06551147976825641
0 0.7510378999166266 0.7424634373735742 0.036309271857035044 0.07781969717926235
0 0.6808869766200256 0.7344233921292885 0.02220858375721548 0.05300474272158951
0 0.6560345138440941 0.7288648423307703 0.023971169769692723 0.05816625324878544
0 0.7834694825462114 0.7146706883809812 0.027848858997143254 0.025807552635979933
0 0.728829316159411 0.7342248724936262 0.016568308517288115 0.04744619292307067
0 0.8834081094536805 0.718938860547701 0.028201376199638587 0.023226797372381754
0 0.863490887512686 0.7151669874701346 0.020093480542242616 0.0208445617444454
0 0.8250665124406783 0.7138766098383357 0.015158239707305796 0.01667564939555632
0 0.8333506666993223 0.7201299783616694 0.019035928934756044 0.015286011945926816
0 0.018103908953358464 0.8923274199860484 0.03620781790671693 0.21534516002790322
