0 0.9427508072902413 0.6907667889004433 0.04925838760877923 0.10216554467005999
0 0.9705817962891998 0.842646817360845 0.058836407421594086 0.31470636527830986
0 0.753242843850911 0.6784521919982492 0.027365770893765896 0.11767281484319327
0 0.8062640249575824 0.8193859121011439 0.06773028296207129 0.36122817579771227
0 0.7074051776038529 0.7099228285260802 0.04241694488533752 0.2006823198876167
0 0.5096874828963931 0.689398500355755 0.017787751080947926 0.14321420101070906
0 0.4703491872366044 0.6260011311185304 0.014367029719227275 0.02919015562001718
0 0.333862404903946 0.6688741721854309 0.015051173991571534 0.09486800576505479
0 0.4587187346067539 0.6944155583529459 0.021208472442668283 0.1459507781000852
0 0.4836900005473152 0.7249740025176515 0.03283892507251942 0.23808220677576375
0 0.5544989327349351 0.7035374819842011 0.026681626621421907 0.23899439913889012
0 0.5811805593563577 0.7149398865232709 0.03625964643423898 0.278218670753287
0 0.058836407421597084 0.606388995311332 0.012314596902194646 0.024629193804387776
0 0.005473154178753093 0.6082133800375832 0.010946308357506186 0.02645357853063918
0 0.1173307427070222 0.7012570010763868 0.028049915166110134 0.14321420101070845
0 0.1891658913031582 0.7500592925036043 0.041732800612993406 0.2681845547589067
0 0.2233731049203655 0.76419827413205 0.07730830277488933 0.3530184445295836
0 0.15016966777954127 0.729078868151717 0.06773028296207109 0.31744294236768855
0 0.04207487274916536 0.614142630397898 0.04173280061299327 0.07297538905004286
0 0.04857424333643477 0.8253151624614603 0.09714848667286954 0.3493696750770798
