0 0.18045472162509887 0.9012702078521942 0.024060629550013188 0.10508083140877592
0 0.15119179379400183 0.9226327944572749 0.026661778690555134 0.12009237875288738
0 0.027962353260826127 0.9520785219399539 0.04031781167840046 0.0958429561200922
0 0.075433325075717 0.9053117782909932 0.04161838624867151 0.09237875288683545
0 0.09461679998721408 0.9278290993071593 0.09819338005545938 0.14434180138568162
0 0.6044420315334389 0.9012702078521936 0.10339567833654364 0.1974595842956111
0 0.8326928686159978 0.9387990762124706 0.07218188865003923 0.1224018475750576
0 0.9107273428322559 0.9312933025404152 0.0773841869311232 0.13741339491916757
0 0.363185448748172 0.9549653579676675 0.02276005497974225 0.09006928406466513
0 0.3846449291576432 0.9330254041570437 0.018858331268929142 0.050808314087760154
0 0.14111234087440166 0.8585450346420324 0.02080919312433574 0.03810623556581987
0 0.42626331540631474 0.9093533487297911 0.10209510376627212 0.18129330254041548
0 0.48153773464283156 0.9266743648960741 0.06567901579868424 0.14665127020785174
