0 0.8740129356565322 0.5643905665831495 0.010955396899432089 0.06166521924957238
0 0.8376775359400827 0.5699246247209316 0.011320576796079678 0.06166521924957223
0 0.8552061709791741 0.5691340449869627 0.009859857209488752 0.05217826244194583
0 0.7213677388577799 0.6474014386498814 0.015337555659204725 0.06324637871751008
0 0.6479665796315837 0.6600507143933813 0.008033957726248611 0.055340581377821746
0 0.6762680216217829 0.8063079651776235 0.03177065100835642 0.06640869765338894
0 0.5791301691134868 0.7134148464362812 0.017163455142445775 0.0988224667461074
0 0.558862684849539 0.713810136303267 0.017528635039091186 0.08063913286482517
0 0.5380474307406179 0.8252818787928772 0.029214391731819264 0.31939421252342504
0 0.4847311658300494 0.8244912990589094 0.03505727007818237 0.3383681261386788
0 0.4564297238398501 0.7758706454198235 0.01862417472903438 0.1430949318483664
0 0.42904123159126906 0.7651978190112396 0.019354534522328142 0.16918406306933836
0 0.28424740257044423 0.7260641221797841 0.0073035979329546296 0.05929348004766553
0 0.3074363260075745 0.7300170208496272 0.00839913762289829 0.06087463951560174
0 0.3149225138888537 0.7284358613816905 0.008764317519545638 0.07036159632323004
0 0.2939246698316087 0.7588731811394908 0.017163455142444054 0.12649275743501978
0 0.3291645298581131 0.7402945573912224 0.01314647627931832 0.10198478568198208
0 0.4082259774823489 0.769546007548071 0.014972375762556878 0.1683934833353702
0 0.3943491414097353 0.7588731811394918 0.012781296382670237 0.13123623583883323
0 0.3779160460605867 0.7082760781654838 0.009129497416195146 0.04427246510225871
0 0.37097762802427936 0.786543471828399 0.022275973695511972 0.19448261455634383
0 0.34322395587905247 0.7857528920944324 0.024467053075397194 0.2087130497677826
0 0.2424343044042789 0.7774518048877614 0.009859857209488822 0.04980652324003899
0 0.25229416161376766 0.7604543406074304 0.008399137622897861 0.04269130563431915
0 0.2656232278414097 0.7679648480801339 0.01314647627931849 0.12886449663692656
0 0.2694576167562111 0.7683601379471193 0.0018258994832386576 0.0031623189358757032
0 0.224357899520216 0.8537427492157568 0.01241611648602272 0.11384348169151769
0 0.2132199126724602 0.858090937752586 0.020815254108920468 0.1162152208934255
0 0.18984839928700542 0.9553322450307584 0.0514903654273303 0.08933550993848328
