0 0.41101917223408224 0.5203732032777217 0.008904530255609824 0.04378718316405885
0 0.4271158230807607 0.5056254367259382 0.009247012188517296 0.04226679485975191
0 0.5235244871943756 0.5194609702951373 0.010616939920147924 0.04378718316405918
0 0.6162514705292306 0.5398341735728596 0.008390807356247193 0.0468279597726746
0 0.6251560007848398 0.5413545618771672 0.007363361557523049 0.04257087252061332
0 0.6206628829126108 0.3709747462510591 0.010103217020787411 0.0267588341558141
0 0.6458353049813524 0.5500764884984967 0.011130662819511486 0.043787183164059516
0 0.6554247991027777 0.5737945460456955 0.013870518282776061 0.05838291088541247
0 0.6666410824055164 0.5740986237065571 0.009247012188517374 0.05230135766818214
0 0.8313748921342878 0.6291366803224926 0.01506920504795401 0.07601941521538073
0 0.8016645844545144 0.6390192043004924 0.014213000215683952 0.06780931837211972
0 0.8026920302532383 0.609827748857786 0.014897964081500134 0.047740192755259286
0 0.81870306061669 0.5563100805461577 0.012671831517597806 0.072066405624181
0 0.809284807461718 0.5678650316588957 0.011301903785964573 0.06233592047661194
0 0.7765777828689998 0.5160197904820053 0.010274457987241782 0.06324815345919692
0 0.756456969310652 0.5094821207734832 0.006335915758798905 0.038617862929413604
0 0.7044853359918555 0.38602659046370447 0.008219566389793766 0.044091260824920875
0 0.6921559864071659 0.3883071729201659 0.00787708445688506 0.04196271719889023
0 0.6366739132760622 0.3727992122162283 0.006849638658161084 0.024326212868921858
0 0.6445509977329473 0.37143086274235143 0.007534602523977156 0.025846601173229473
0 0.6963513900852889 0.3743196005205357 0.004623506094257561 0.02006912561686016
0 0.9188317819007926 0.38009707607690485 0.009589494121425313 0.0407464065554442
