0 0.8389900662251654 0.7135761589403969 0.10016556291390746 0.572847682119205
0 0.7487582781456953 0.6832229580573945 0.09023178807946998 0.5607064017660037
0 0.6684602649006619 0.7025386313465778 0.09188741721854306 0.484547461368653
0 0.5914735099337749 0.6788079470198677 0.10016556291390703 0.578366445916115
0 0.49089403973509954 0.6881898454746138 0.08443708609271529 0.5198675496688742
0 0.4052152317880794 0.6876379690949221 0.07367549668874197 0.48565121412803436
0 0.3356788079470189 0.6799116997792488 0.07698675496688727 0.5187637969094919
0 0.26572847682119205 0.6986754966887417 0.07781456953642386 0.5673289183222958
0 0.19288079470198682 0.725717439293598 0.07450331125827801 0.5441501103752763
0 0.1100993377483444 0.7102649006622517 0.11092715231788082 0.5794701986754964
