0 0.8730421086224956 0.7351146894455151 0.01387820837963332 0.039064586550079244
0 0.8799812128123122 0.7190091142889036 0.009252138919755879 0.017818934215825664
0 0.8558228500773949 0.7471082028600139 0.017476262403982167 0.07264642411067387
0 0.8272954217414827 0.742653469306058 0.014906223815161768 0.060995582508016156
0 0.8396316069678231 0.7423107974942142 0.01799027012174597 0.07538779860541606
0 0.8067351130309136 0.7447095001771136 0.021074316428332338 0.07196108048698818
0 0.7810347271427034 0.750534920978441 0.026214393605974207 0.10006016905809773
0 0.7548203335367291 0.7484788901073844 0.023130347299389058 0.10143085630546878
0 0.7327180016728687 0.742310797494214 0.021074316428332195 0.028784432194795217
0 0.7329750055317507 0.7282612532086591 0.02158832414609648 0.0486593972816776
0 0.5371380650635903 0.7224358324073314 0.010280154355284106 0.038379242926393706
0 0.5520442888787521 0.7128410216757334 0.014392216097397749 0.021930995957939247
0 0.5255728914138956 0.7200371297244318 0.01079416207304817 0.04180596104482163
0 0.5194047988007252 0.7207224733481175 0.0118221775085766 0.039064586550079244
0 0.5052695865622099 0.7227785042191741 0.01747626240398283 0.02809908857110983
