0 0.39898421935776207 0.7205449468340251 0.02327407946253615 0.020596352327140296
0 0.36947601146776043 0.7212470952088138 0.022442862338874117 0.03042642957418433
0 0.44428555259734054 0.8626129679996422 0.1487878651354988 0.2747740640007158
0 0.5955670691038261 0.876421886037157 0.1870238528239513 0.24715622792568614
0 0.8255914909063801 0.8633548732901272 0.14712543088817517 0.2732902534197458
0 0.9330870215452077 0.8682301549979526 0.13382595690958052 0.26353969000409483
0 0.13050108841493466 0.850910495086493 0.2610021768298693 0.29817900982701434
0 0.07896562674789041 0.9145719477340181 0.15793125349578083 0.17085610453196418
0 0.24271540010930487 0.7706315309022977 0.08312171236620129 0.1254505096289489
0 0.3171093326770547 0.7481627829090545 0.0473793760487343 0.07021483747888808
0 0.2855230819778977 0.7352900627045911 0.02909259932817014 0.046341792736065826
0 0.9829371488476241 0.730843122997595 0.03412570230475093 0.026213539325452177
0 0.8445165976405963 0.7240556887079694 0.031586250699156014 0.017319659911459128
0 0.711937466416506 0.7287366778732286 0.02743016508084607 0.027617836075029645
0 0.7252369403950988 0.7245237876244953 0.0207804280915503 0.021064451243666505
0 0.3113972752614953 0.7102446220896655 0.02043836927247604 0.022699967948459944
0 0.2688173392771703 0.712322788169454 0.015896509434148064 0.02493799295746328
0 0.1893347921064303 0.7188770042672488 0.02157383423205792 0.021421096514744335
0 0.20551915768434217 0.7238412314832908 0.022709299191640376 0.022380250090030675
