0 0.6907829906193088 0.5921451294052903 0.039316569949212975 0.0504610632014942
0 0.65192359008811 0.5818469532417201 0.043888264129353656 0.07311705076134885
0 0.477742041824737 0.5924025838093796 0.04297392529332555 0.07157232433681322
0 0.5120297481757947 0.5949771278502721 0.03108752042495901 0.06539341863867136
0 0.04114524762126922 0.7332301428462028 0.08229049524253844 0.16580063623348124
0 0.1673240069931613 0.8298226388969928 0.19383983323797974 0.3403547222059937
0 0.8127038819216472 0.8056219249126124 0.3745922361567054 0.3887561501747752
0 0.9515400416905075 0.7142256114609203 0.09691991661898466 0.13387629012641253
0 0.39956607134432504 0.8262182772397523 0.18286776720564085 0.34756344552049556
0 0.5248304918801895 0.7095914321873183 0.11154933799544096 0.11636939064834394
0 0.32504745620802666 0.816692464288449 0.1453798749284845 0.3202732786870353
0 0.5678044171735117 0.839348451848303 0.2249273536629389 0.3213030963033941
0 0.6299794580234324 0.7134532482486567 0.10606330497927177 0.08495995334945522
0 0.753872370305252 0.7106212498036739 0.1069776438152985 0.07105741552863282
0 0.861307183538569 0.5641061466182248 0.034744875769071794 0.022188173269003145
0 0.6135213589749225 0.5911153117889311 0.02194413206467562 0.052520698434208715
