0 0.338679685234832 0.6988257445713623 0.01017735281173124 0.03694002131665385
0 0.3494224465361039 0.7022181955086062 0.007915718853568733 0.042217167219033055
0 0.3926761959859613 0.6992026835643895 0.009611944322190596 0.03769389930270805
0 0.40313625304246264 0.6992026835643894 0.006784901874487795 0.037693899302707855
0 0.6505024672164845 0.702218195508606 0.014135212238515606 0.04975594707957484
0 0.6635068624759188 0.7018412565155789 0.016396846196678184 0.03543226534454561
0 0.6708571728399457 0.7214420841529864 0.01978929713392315 0.06257187284249527
0 0.8336948178276458 0.7074953414109852 0.022050931092084197 0.06784901874487445
0 0.8636614677732988 0.7090030973830934 0.025443382029327923 0.0678490187448746
0 0.8941935262084922 0.7127724873133644 0.025443382029328065 0.06634126277276621
0 0.9408397265955935 0.7071184024179581 0.023747156560706202 0.05503309298195376
0 0.9204850209721309 0.7157879992575809 0.022616339581624914 0.07237228666119946
0 0.817297971630968 0.7157879992575811 0.026574199008409204 0.06935677471698284
0 0.8506570725138645 0.7157879992575809 0.03448991786197794 0.07689555457752462
