0 0.760523742405052 0.9049864521708596 0.06064252670187741 0.06791132271066402
0 0.5187843551414015 0.9152666065261406 0.24173938726365235 0.1694667869477061
0 0.3854538683516594 0.9713401757367839 0.05150461171940278 0.05358141057905627
0 0.31567342666730724 0.9003136547366398 0.036551659929898755 0.05108925194747215
0 0.2757988885619631 0.9093477297761313 0.03156734266673073 0.05171229160536811
0 0.23094003319345105 0.9077901306313918 0.04652029445623476 0.05856572784222408
0 0.13083832815815938 0.9137090073814007 0.058981087614153715 0.08660251244754087
0 0.06770364282469879 0.9280389195130112 0.047351014000096094 0.05918876750012018
0 0.031567342666730586 0.9520259463420065 0.06313468533346117 0.09594810731598154
0 0.16531318922840477 0.9485992282235756 0.09968634526336052 0.10280154355283228
0 0.2886750414918138 0.9514029066841115 0.11380857750900279 0.0971941866317762
0 0.7281256801944579 0.9355153954077623 0.1204543338598902 0.12896920918446958
0 0.6163939015451045 0.9295965186577402 0.06811900259663978 0.09345594868440993
0 0.674544269615402 0.9000021349076893 0.02658302540355946 0.03551326050007609
0 0.010799354070197352 0.9071047879583857 0.021598708140394704 0.03601169412775478
0 0.0905484302808853 0.9149550866971938 0.026583025403562933 0.0367593398158667
0 0.24381618612330125 0.8928371788418857 0.027413744947425055 0.024921586315843482
0 0.6558530798785224 0.8959523771313656 0.03073662312287192 0.038628458789555224
