0 0.4437997855392157 0.7401960784313725 0.018114276960784277 0.14985994397759103
0 0.6870486475840338 0.8221288515406158 0.06081221551120443 0.3557422969187675
0 0.6184731705182073 0.78921568627451 0.09574689250700255 0.4215686274509805
0 0.36495928534054267 0.5377322145757872 0.010623415175206787 0.06827734066094841
0 0.37956648120645214 0.5366541513021934 0.009295488278305938 0.0733083026043866
0 0.41625046173333774 0.5380915690003185 0.009627470002531098 0.07043346720813616
0 0.4371653103595261 0.5424038220946943 0.009627470002531098 0.07043346720813631
0 0.4862986055448574 0.5542625181042272 0.007635579657179789 0.038091569000318654
0 0.4914443222703481 0.5531844548306334 0.006639634484504171 0.025873518566254246
0 0.666232700074922 0.5370135057267247 0.010955396899431947 0.04384123979281938
0 0.8076209945696955 0.5383782651159942 0.010864856429188876 0.03789555749602869
