0 0.7170328754975879 0.6623196782298741 0.0150235009480879 0.055482885729935705
0 0.6951604255878717 0.7039318425273258 0.02607019282168153 0.11000916998176903
0 0.6629040853169745 0.7933740807298919 0.03048886957112347 0.3577689528102781
0 0.4735637866035782 0.6580149715784137 0.018558442347637722 0.03730745764599114
0 0.45235413820627784 0.7536751193886475 0.012372294898425196 0.19227689709857032
0 0.47709872800312825 0.7785467578193084 0.023860854446962846 0.21523533257302632
0 0.4945525011634065 0.6948441284853536 0.012814162573368933 0.04591687094891241
0 0.5336577903959288 0.6589715730565159 0.015023500948087687 0.03539425468978656
0 0.524599503059582 0.6881479181386374 0.01634910397291911 0.03443765321168428
0 0.5102388036239099 0.7909825770346388 0.03093073724606299 0.2554125946533247
0 0.5745305503282264 0.8134627117700438 0.06937322496616971 0.369248170547503
0 0.42981888678414637 0.6967573314415584 0.030047001896175374 0.12818459806571325
0 0.4165628565358335 0.813941012509095 0.06362894519190085 0.3108954803832603
0 0.37171328752904165 0.7001054366149159 0.02695392817156987 0.09470354633213232
0 0.1940824822016508 0.6974428963207479 0.049931047268647145 0.11233690121826281
0 0.2157339982738962 0.7895476748174844 0.11532746316032064 0.42090465036502744
0 0.32156130642292424 0.7780684570802522 0.1520024801806555 0.4438630858394755
0 0.10074582988717566 0.8211155235948562 0.06893135729122463 0.3577689528102636
