0 0.23411187145183088 0.48725600699758176 0.024166386730511535 0.013027192846916407
0 0.16878710732091678 0.5014159992224908 0.041535977193066724 0.049276772942683775
0 0.1238527319938719 0.46233442068174163 0.015103991706569725 0.022089587870858195
0 0.13706872473712037 0.46290082037073793 0.012838392950584334 0.022089587870858227
0 0.16085751167496767 0.4688480171051998 0.012083193365255783 0.03171838258379644
0 0.1117695386286161 0.4436432309448617 0.010572794194598813 0.014159992224909103
0 0.21560948161128293 0.45638722394727976 0.01585919129189822 0.021523188181861812
0 0.23184627269584518 0.45723682348077443 0.01661439087722668 0.019823989114872802
0 0.9900666563656452 0.4541216251912944 0.013593592535912791 0.021523188181861812
0 0.9285178901613739 0.4578032231697708 0.014348792121241159 0.02435518662684366
0 0.9153018974181254 0.4572368234807744 0.012083193365255767 0.022089587870858195
0 0.8915131104802779 0.4623344206817417 0.015859191291898184 0.031151982894800055
0 0.9288954899540383 0.4784768118181381 0.01812479004788372 0.01925758942587642
0 0.4723773406229683 0.4552544245692872 0.009817594609270373 0.018124790047883654
0 0.5388349041318751 0.45582082425828346 0.011327993779927326 0.02265598755985451
0 0.521842913461984 0.45610402410278167 0.012083193365255767 0.0209567884928655
0 0.4939005288048301 0.4578032231697708 0.012083193365255767 0.02095678849286543
0 0.7918267652169179 0.45610402410278167 0.01434879212124116 0.023222387248850965
0 0.7616187818037781 0.4535552255022981 0.011327993779927397 0.020390388803869116
0 0.6358780508465856 0.4544048250357926 0.01359359253591272 0.0209567884928655
0 0.5029629238287718 0.4552544245692871 0.009062395023941789 0.020390388803869116
