0 0.38840736188992975 0.664147357212871 0.008085341400430934 0.03151209981706387
0 0.39711465262885537 0.6629034585358816 0.008085341400430863 0.02902430246308512
0 0.41048656340649103 0.6645619901052008 0.00870729073892555 0.03731696030968095
0 0.42168165149939535 0.6653912558898604 0.009951189415914994 0.03399989717104259
0 0.6412297679880186 0.6711961163824774 0.01119508809290437 0.04726814972559595
0 0.6583333747966225 0.6902692294296477 0.020524328170324537 0.05887787071082997
0 0.8974728954478282 0.689854596537318 0.02363407486279783 0.0696583259114044
0 0.840875505644812 0.6952448241376052 0.02239017618580874 0.08873143895857481
0 0.7957841786039473 0.6906838623219775 0.026743821555271267 0.0845851100352769
0 0.8212841014822294 0.6981472543839138 0.031719416263228765 0.09121923631255356
0 0.9397654504654668 0.7114155069384671 0.04353645369462797 0.11112161514438341
0 0.8561132644379316 0.7010496846302223 0.02923161890925016 0.09370703366653231
0 0.8887656047089026 0.7085130766921586 0.03980475766365956 0.101999691513128
