0 0.23561308677905138 0.6031454539436493 0.02330796127276635 0.04072460573775523
0 0.2736151975498661 0.6258482513951563 0.03040168861665176 0.05055468298479944
0 0.3176976460440112 0.617188421439427 0.029388298996096723 0.02855403390808121
0 0.7473748451593565 0.6326356856847823 0.03546863671942702 0.05663996889963641
0 0.7271070527482552 0.6298270921856267 0.03344185747831688 0.06132095806489565
0 0.13174065067215776 0.6328697351430453 0.04256236406331249 0.028085934991555137
0 0.17734318359713547 0.6764029343799559 0.046615922545532734 0.08987499197297687
0 0.12870048181049235 0.6869351600017886 0.04864270178664251 0.09970506922002259
0 0.2330796127276637 0.6845946654191596 0.05472303950997321 0.11187564104969511
0 0.31313739275151337 0.6848287148774221 0.04256236406331278 0.11047134430011787
0 0.3567131464353794 0.6824882202947901 0.06688371495663388 0.13574868579251517
0 0.9090104896378887 0.6707857473816449 0.06080337723330345 0.06834244181278443
0 0.8487138072148626 0.6672750055076995 0.06181676685385891 0.06974673856236226
0 0.489467186728094 0.6455084058892452 0.048642701786642845 0.029022132824607284
0 0.5436835314277896 0.6546363347615007 0.04560253292497769 0.04353319923691075
0 0.2842557885656942 0.4851845269791171 0.023307961272766516 0.01451106641230382
0 0.4859203230561511 0.45920503711192867 0.011147285826105673 0.01591536316188126
0 0.44133117975172853 0.46412007573545083 0.017227623549435977 0.012638670746199877
