0 0.8973144163857559 0.7211297858540078 0.02196944248228334 0.03346907253160353
0 0.832435906555263 0.7347748692707385 0.024029077714997273 0.043252339886994944
0 0.8283166360898347 0.7005334335268671 0.014417446628998219 0.02317089636803317
0 0.82076464023655 0.6995036159105104 0.015790536784141124 0.021111261135318957
0 0.10538466940720237 0.7051676128004739 0.02540216787013998 0.08393013573309759
0 0.1833075357115507 0.7067123392250094 0.03158107356828218 0.09525812951302498
0 0.23033587352518814 0.7005334335268671 0.035013798956138834 0.07775123003495552
0 0.40128559784045464 0.7018207055473137 0.04462543004213778 0.12769738442827128
0 0.43080703617602273 0.7257639651276144 0.06796796267956381 0.18794171498515724
0 0.12975701966098513 0.7049101583963836 0.03844652434399593 0.10813084971748556
0 0.007551995853284861 0.6901837672681677 0.015103991706569722 0.06426062083205551
0 0.06728141760199238 0.704395249588206 0.04256579480942377 0.11019048495020105
0 0.3346907253160336 0.6747879931179418 0.019909807249569197 0.02729016683346103
0 0.35151107971652934 0.6951268910409917 0.017850172016855022 0.04531197511970686
0 0.154472642453554 0.7046527039922955 0.016477081861712435 0.07672141241859848
0 0.03261089118463917 0.7041377951841167 0.022655987559854585 0.0859897709658118
0 0.05492360620570807 0.6966716174655286 0.017850172016855126 0.07105741552863477
0 0.16580063623348124 0.6843138060692441 0.01716362693928378 0.032954163723424655
