0 0.06738822594377282 0.8470228214770199 0.01862763969177489 0.10672826408579407
0 0.09149458319195186 0.8505804302798821 0.02008863104014912 0.09803188701214055
0 0.39209355311999794 0.9391253604843872 0.07706729362675967 0.12174927903119048
0 0.619642955629327 0.8790413007027615 0.008400700253153275 0.06482753818544794
0 0.6503237739451911 0.8881329676434038 0.0062092132305915015 0.07036159632322991
0 0.7367048874178324 0.9003869535199214 0.009496443764434304 0.07115217605719891
0 0.8055541047099795 0.9094786204605618 0.015705656995025248 0.07036159632322973
0 0.878603672128703 0.9339865922135983 0.02812408345620848 0.13202681557280146
0 0.8888306115673241 0.8972246345840449 0.004748221882217215 0.02687971095494365
0 0.8325824446549077 0.9339865922135986 0.023010613736898052 0.1241210182331136
0 0.818703026845347 0.9525652159618622 0.036890031546461914 0.094869568076255
0 0.536914320527622 0.858486227619571 0.0029219826967490548 0.0189739136152528
0 0.5268700050075474 0.856509778284649 0.00328723053384266 0.021345652817159503
0 0.533079218238139 0.8580909377525867 0.004017726208029799 0.021345652817159787
0 0.529974611622842 0.8576956478856004 0.00292198269674785 0.012649275743499144
0 0.5137210828721773 0.856905068151633 0.00474822188221701 0.03004202989081719
0 0.4779267948370023 0.8379311545363803 0.004017726208029799 0.009486956807626542
0 0.4877884864385301 0.837535864669396 0.00474822188221701 0.013439855477470957
0 0.5029462716779153 0.8513710100138511 0.003652478370936123 0.03004202989081719
0 0.5007547846553535 0.8521615897478199 0.002921982696748984 0.0221362325511285
0 0.6704124049853404 0.8663920249592598 0.004017726208029728 0.01581159467937752
0 0.6676730462071352 0.9304289834107335 0.029219826967495446 0.13914203317851198
