0 0.4996778056325898 0.8719653503023665 0.2633380954040432 0.25606929939525197
0 0.4801558963518515 0.7476689385521195 0.004984317263168023 0.011214713842128106
0 0.17777398238632502 0.8900335003813546 0.12959224884236778 0.2199329992372863
0 0.3356106957199755 0.8725883899602639 0.08639483256157782 0.2286555544478267
0 0.39874538105343743 0.8180724198943647 0.04319741628078907 0.09345594868440484
0 0.9502499927728385 0.8809994253418594 0.09950001445432133 0.2380011493162648
0 0.7808763712296536 0.8616851959470861 0.09470202800019058 0.27662960810582393
0 0.6633295557732758 0.8660464735523596 0.05731964852643209 0.2018648491583042
0 0.03779773924569054 0.8834915839734465 0.07559547849138108 0.22803251478993844
0 0.7293717595102492 0.8666695132102545 0.06811900259662927 0.2504619424741902
0 0.8269813059139557 0.7644910093153099 0.0639654048773272 0.08099515552648247
0 0.8672712037912301 0.8803763856839651 0.12128505340376063 0.23924722863205963
0 0.2703992115268642 0.8317792923680782 0.05067389217554204 0.1582520731055824
0 0.31359662780765385 0.7757057231574394 0.03572094038603737 0.05358141057905599
0 0.33519533594804707 0.7725905248679582 0.02575230585970122 0.03738237947376228
0 0.13058427903918912 0.8017867904895144 0.04244096843168355 0.06132095806489602
0 0.5206667094774566 0.7685517674161738 0.06865450775713512 0.07442772772762155
0 0.6629687801013366 0.79195671324247 0.05242707865090317 0.05570377106658455
0 0.6266987734063472 0.8534983799465051 0.07101032101131212 0.21529881996368722
0 0.5542291171666897 0.7661845911953016 0.028710066880257762 0.032298825240289895
0 0.2293684690977014 0.7907597843129133 0.02184461610454296 0.06740624397973263
0 0.2577664700336073 0.767354838486617 0.02746180310285407 0.030894528490710796
