0 0.05692930259653795 0.8029294274300934 0.06857393267310256 0.39414114513981313
0 0.6086590142775501 0.6612216882510136 0.014581304879244356 0.05002095878172952
0 0.5428222134591434 0.6830490157194045 0.011930158537563572 0.044564126914631866
0 0.5313339126451928 0.698510039342848 0.014581304879244878 0.06275356647162479
0 0.5185200386604031 0.6771374478633819 0.012813873984790619 0.0763956461393687
0 0.43655543093010496 0.6730448239630588 0.009720869919496238 0.03910729504753405
0 0.42749734759602753 0.7053310791767191 0.01458130487924666 0.11277452525335603
0 0.4144625447494261 0.7107879110438168 0.01148830081395005 0.10186086151916136
0 0.4069509634480014 0.6475796085832678 0.007953439025044542 0.020917855490543612
0 0.40120681304102734 0.6703164080295098 0.013255731708403863 0.06639145438302267
0 0.37204420328253845 0.6466701366054192 0.008837154472270013 0.02273679944624154
0 0.3574628984032932 0.7226110467558621 0.014139447155628806 0.1673428439243336
0 0.3757999939332487 0.6844132236861737 0.025185890245976315 0.11641241316476238
0 0.3870673658853914 0.8390234599206101 0.042418341466891524 0.3219530801587665
0 0.29582374595921207 0.8090108846515746 0.04109276829605188 0.33468568784866903
0 0.27350993091673304 0.8231077003082403 0.05744150406974941 0.3537845993835024
0 0.4577646016635482 0.6894153195643498 0.029162609758483 0.10277033349701212
0 0.556519802891161 0.7394362783460814 0.021651028457059737 0.1609765400793839
0 0.5759615427301474 0.7994614288841523 0.028720752034874907 0.2919405048897325
0 0.5973916423254018 0.7735414775154399 0.02386031707512849 0.25829004170929615
0 0.637158837450615 0.8012803728398532 0.06097636585866086 0.3974392543202836
0 0.49311321955262377 0.8058277327290952 0.10339470732556089 0.38834453454177287
