0 0.8704777812305386 0.41518872656890676 0.022113754257588738 0.08066494450779522
0 0.8177063222067473 0.38691830209187555 0.029149948794094202 0.033170631386383105
0 0.7528728154060894 0.3872952410849028 0.03417580203445539 0.03543226534454561
0 0.621195460508629 0.4038805567780943 0.05226887369975522 0.07463392061936197
0 0.5860144878261017 0.3989803498687423 0.026134436849877644 0.02563185152584154
0 0.545807661903213 0.3978495328896611 0.026134436849877575 0.023370217567679034
0 0.5639007335685129 0.45702895479491273 0.046237849811321965 0.13569803748974907
0 0.47745605783430134 0.4525056868785859 0.038196484626745804 0.16886866887613164
0 0.4518242063084596 0.46532161264150657 0.04925336175553996 0.16434540095980602
0 0.7935822266530126 0.4702218195508596 0.06131540953240215 0.19073113047170248
0 0.8493691976210215 0.422350567436421 0.030155119442166325 0.09197311429860765
0 0.9116897778014983 0.419335055492204 0.02613443684987895 0.1025274061033659
0 0.95290177437246 0.3646789015032779 0.03417580203445524 0.029401241456112358
0 0.9618759127891812 0.5682259577379009 0.07624817442163069 0.41387901434373325
0 0.6805005287448865 0.5859420904101705 0.16283764498769263 0.44177249982773115
0 0.34025026437244177 0.6283225982429538 0.1879669111895033 0.4978861520232465
