0 0.5785533470077979 0.34298884247262956 0.027637898742410662 0.06383167043535286
0 0.45003711785558775 0.33894617001172384 0.023031582285342363 0.05829959233095565
0 0.4339150102558502 0.33873339777693945 0.014740212662619077 0.05957622573966247
0 0.41318658619903986 0.3378823088378015 0.026716635450997357 0.06383167043535246
0 0.3528438406114428 0.33852062554215495 0.023952845576755838 0.05574632551354124
0 0.38370616087380116 0.35277636527271705 0.04882695444492552 0.08000236027897561
0 0.12851622915220987 0.344052703646552 0.02671663545099701 0.05574632551354149
0 0.09489011901561013 0.3046898402114179 0.02579537215958334 0.010213067269656477
0 0.06494906204466519 0.30511538468098676 0.021189055702514885 0.00851088939138041
0 0.06679158862749258 0.34447824811612116 0.030401688616651823 0.07447028217457836
0 0.10087833040979909 0.3532019097422864 0.04698442786209823 0.08766216073121737
0 0.5020884938204613 0.3766068555685829 0.10133896205550616 0.1753243214624369
0 0.03362611013659978 0.39511803999483475 0.06725222027319956 0.25490113727184166
0 0.9369247673677235 0.3032004345679262 0.022110318993928506 0.01489405643491569
0 0.9753718583694635 0.3555424043249159 0.04925628326106968 0.16809006547976307
0 0.8586173875975591 0.29788112869831346 0.02763789874241055 0.01702177878276076
0 0.7752430597246197 0.35426577091620937 0.058039587359062166 0.12979106321855174
0 0.8254519091066674 0.35681903773362306 0.05711832406764833 0.145110664123035
0 0.8931647610255742 0.35915953231625325 0.08199243293581908 0.17021778782760677
