0 0.018879989633212153 0.9124346089454193 0.037759979266424305 0.04803069535540644
0 0.06607996371624253 0.928633639186458 0.1246079315792002 0.14273272162708409
0 0.1786047019301867 0.9391120334328907 0.10346234319000254 0.12177593313421857
0 0.2892414411808102 0.934864035765418 0.08005115604481955 0.1302719284691639
0 0.4576509487090607 0.9359968351434103 0.19031029550277545 0.12800632971317819
0 0.6207740591400144 0.9592192223922608 0.1208319336525604 0.08156155521547447
0 0.5448765008145027 0.8858704626672322 0.018879989633212402 0.03794877916275617
0 0.5667429615351502 0.8959884207479402 0.02265598755985451 0.0638486922141358
0 0.6055327584179316 0.8947011487274934 0.030207983413139503 0.06745305387138525
0 0.8121828267669072 0.9086036865483113 0.026088712947712926 0.061274148173242955
0 0.7761392101944118 0.9034545984665279 0.04325233988699571 0.10555630567659433
0 0.8502860785721182 0.8483593559914278 0.029521438335568036 0.03243925491524635
0 0.854748621576332 0.8993353280011004 0.06316214713656436 0.07981086526766959
0 0.9654775625933754 0.9479942103739696 0.06904487481324957 0.1040115792520583
0 0.8743151562871154 0.9418153046758269 0.10778757717870273 0.11636939064834237
0 0.9685670154424472 0.9173571362873486 0.06286596911510585 0.08907922381488262
0 0.9762671003064612 0.8648364378531401 0.03158107356828225 0.026260349217104136
0 0.6769334464853521 0.8934138767070476 0.02471562279256858 0.06384869221413553
0 0.711947245441491 0.8913542414743335 0.02059635232714058 0.06178905698142174
0 0.3542572600268173 0.896245875152029 0.017850172016855008 0.05612506009145849
0 0.3333176351608909 0.8947011487274941 0.017163626939283746 0.05097597200967286
0 0.37416706727638654 0.8941862399193152 0.02059635232714051 0.054065424858743244
0 0.4534630237358769 0.8499040824159624 0.026775258025283154 0.0427374310788179
0 0.39888269006895377 0.8913542414743335 0.023342532637425865 0.05149088081785102
0 0.42600122063302337 0.87873897567396 0.022655987559854582 0.029349802066175244
