0 0.05236131948083481 0.8378560494616479 0.08704793196391938 0.3242879010766865
0 0.13874644993233692 0.8421607561131025 0.06362894519189763 0.31567848777377916
0 0.1793982760271632 0.7905042762955847 0.11842053688492321 0.41899144740883104
0 0.41115787153516314 0.8392909516788022 0.01634910397292065 0.1128789744160773
0 0.43987927040650904 0.7885910733393822 0.018116574672693966 0.042090465036503814
0 0.47103094149004354 0.8053315992061724 0.016790971647863882 0.03348105173358355
0 0.5180898488715538 0.7995919903375588 0.014581633273145007 0.04113386355840162
0 0.5894514783749707 0.8737286048904912 0.01148855954853758 0.11861858328469012
0 0.6599293725285 0.8584229812408536 0.013697897923256335 0.10139975667884814
0 0.5755326466142425 0.896208739625896 0.019884045372469003 0.20758252074820774
0 0.4473910208805525 0.8938172359306398 0.03137260492100766 0.21236552813872053
0 0.552555527517164 0.8885559278010736 0.03490754632056211 0.22288814439785187
0 0.49975234036138355 0.8541182745893857 0.07600124009033277 0.2917634508211993
0 0.38619234790084195 0.8493352671988792 0.055675327042911255 0.2688050153467528
0 0.2759463630023743 0.7747203519068907 0.1816076144018868 0.45055929618618584
0 0.6055796485104172 0.8880776270620251 0.019000310022583344 0.22384474587594533
0 0.6256846277203568 0.8746852063685902 0.031814472595954664 0.2506295872628064
