0 0.8837380426784399 0.6854304635761589 0.06916850625459979 0.15231788079470193
0 0.8197203826342897 0.6898454746136861 0.06769683590875648 0.13465783664459147
0 0.2752023546725534 0.694812362030905 0.07064017660044153 0.12913907284768197
0 0.46558054435501006 0.651076442501321 0.017369590462555103 0.04247997667472707
0 0.12800632971317827 0.675998028817161 0.037004779681095785 0.061737566100604206
0 0.06985596164288467 0.6765644285061571 0.03247358216912487 0.06626876361257397
0 0.16954230690624492 0.6592892379917673 0.02039038880386872 0.044179175741714524
0 0.095155147751389 0.6638204355037375 0.019635189218540728 0.04531197511970836
0 0.2148542820259543 0.6485276439008375 0.014348792121241268 0.02378878693784742
0 0.19068789529544275 0.6496604432788302 0.012838392950584244 0.021523188181862024
