0 0.8537531312138534 0.5606047667226108 0.03398398133978203 0.07136636081354253
0 0.9734522654884173 0.5620207659451014 0.037759979266426186 0.04021437791874262
0 0.434617361356544 0.581278355370978 0.018879989633212305 0.03228478227279283
0 0.4519869518190992 0.5815615552154765 0.012838392950584279 0.03171838258379644
0 0.7117756091720984 0.560604766722611 0.029452783827810976 0.04871037325368732
0 0.7453819907192156 0.5569231687441342 0.02416638673051233 0.04927677294268361
0 0.9032187040528689 0.5521087713876649 0.022655987559854793 0.04304637636372384
0 0.8915131104802769 0.5478607737201925 0.012838392950582134 0.03001918351680686
0 0.8767867185663704 0.5501263724761781 0.01510399170656964 0.03001918351680712
0 0.6687292328083747 0.5637199650120908 0.01283839295058428 0.020956788492865572
0 0.652114841931148 0.5654191640790799 0.014348792121241159 0.018691189736880175
0 0.9606138725378347 0.5543743701436508 0.03020798341313949 0.03171838258379644
0 0.1592943459194456 0.5774703706850398 0.0112343739966221 0.015447264245355611
0 0.15180476325503087 0.5774703706850398 0.012482637774024585 0.017319659911458986
0 0.06941935394646875 0.5788746674346175 0.011234373996622117 0.02200064907671808
0 0.08221405766484398 0.5788746674346171 0.010610242107920805 0.019192055577563576
0 0.21109729268164756 0.5732574804363066 0.012482637774024568 0.01825585774451092
0 0.04632647406452331 0.5784065685180917 0.012482637774024568 0.022000649076718375
0 0.8849803582116585 0.8356545990401927 0.23003928357668305 0.3271830459475061
