0 0.03458347522603734 0.9218896418817414 0.05035839375019471 0.15514333198660776
0 0.1184635708400667 0.9173107588196373 0.04702139175469996 0.16537848236072533
0 0.15198527270390108 0.9057288781331365 0.03397674759049288 0.1885422437337258
0 0.18747883938325507 0.9068062623830443 0.045504572665838794 0.18638747523391166
0 0.21842194879602514 0.912731875757532 0.023662377786236064 0.1605302532361427
0 0.28303844198151573 0.8987258805087396 0.07341404390088645 0.2025482389825155
0 0.2587693365597355 0.9100384151327648 0.040650751581482486 0.17992316973446956
0 0.355542394429086 0.9146172981948691 0.030943109412770554 0.1707654036102591
0 0.3299081518273303 0.9200042194444049 0.01971864815519684 0.1599915611111902
0 0.4532255437517519 0.9146172981948691 0.052785304292372735 0.17076540361025944
0 0.4175802951635122 0.8774475415730777 0.01425809943529605 0.09965804311639852
0 0.14212594862630248 0.838661708576425 0.017291737613019068 0.033937603872072605
0 0.17731615148788463 0.8373149782640422 0.02275228633291935 0.05279182824544321
0 0.2079558970828826 0.84324059163853 0.013044644164206878 0.04848229124581505
0 0.23965741604008248 0.846472744388251 0.010314369804256767 0.06464305499442154
0 0.3945246450128175 0.8561692026374107 0.0106177336220286 0.07433951324358548
0 0.4060524700881589 0.8637108923867552 0.015471554706387438 0.07433951324358284
0 0.4944830229687789 0.9014193411335087 0.043077662123660446 0.19716131773298126
0 0.5339203192791729 0.9057288781331365 0.032763292319403906 0.1885422437337253
0 0.5607680171520171 0.9100384151327627 0.04095411539925247 0.17992316973446543
0 0.6137050033532764 0.9116544915076246 0.04550457266584077 0.17669101698475034
0 0.6742260849988426 0.9068062623830402 0.0488415746613342 0.18638747523391155
0 0.6992535999650522 0.8866053076972866 0.03154983704831883 0.13844387611305184
0 0.727314753108987 0.8987258805087411 0.03367338377272057 0.20254823898251606
0 0.7101746974048551 0.8486275128880655 0.013348007981979321 0.05602398099516421
0 0.5889808522048345 0.8906454986344372 0.02699937978173111 0.11420273049014278
0 0.5129882158528879 0.8359682479516586 0.02487583305732521 0.05656267312011778
0 0.4715790547269742 0.8602093935745647 0.02093210342628674 0.05333052037039804
0 0.5710823869562752 0.8300426345771699 0.021538831061830167 0.0522531361204895
0 0.6328169238729291 0.8650576226991469 0.013348007981979439 0.0899615848672335
0 0.6440413851305021 0.8658656608865772 0.009707642168712291 0.09265504549200182
0 0.6566309835680519 0.8235783290777278 0.011831188893118138 0.037169756621791665
0 0.43047325741883385 0.8510516274503565 0.010921097439801243 0.0748782053685369
0 0.3880299014596061 0.8547979863193514 0.009928270399819396 0.057297253290508936
0 0.36762179008219964 0.8405961030251227 0.008273558666516152 0.0514206119273797
