0 0.505228522584757 0.9410944323443777 0.055884769314307976 0.11667833593325114
0 0.4183805702719808 0.9325984370094321 0.06947836185022159 0.13480312598113375
0 0.36136300157968065 0.9269344401194689 0.05663996889963649 0.1461311197610621
0 0.8722555210543992 0.9147568468060453 0.11025913945795959 0.1704863063879049
0 0.7929595645949097 0.934297636076421 0.08307195438613427 0.13140472784715537
0 0.08609275272744736 0.9153232464950429 0.054374370143651145 0.11271353811027555
0 0.32247022293526356 0.8646304743298688 0.025676785901168522 0.02378878693784728
0 0.620774059140015 0.8643472744853702 0.01812479004788446 0.028886384138814458
0 0.6490940435898338 0.8649136741743669 0.020390388803869043 0.026620785382829127
0 0.6912260667366101 0.8661237098735864 0.015603297217530638 0.029958330657658933
0 0.7183758038951137 0.8682301549979533 0.019972220438439336 0.041660803570807016
0 0.7289860460030346 0.8787623806197864 0.01872395666103685 0.020596352327140723
0 0.8194851698647128 0.8635491658326937 0.027461803102853965 0.026681638241977623
0 0.916537678557753 0.8782942817032595 0.0205963523271419 0.04961848515174872
0 0.707453495842841 0.8637832152909561 0.01310676966272564 0.0299583306576579
0 0.10485415730180625 0.8689323033727419 0.014979165328829673 0.01966015449408857
0 0.06803037586843363 0.8888265073250932 0.01872395666103678 0.052895177567429695
0 0.7623771020485504 0.8705706495805827 0.019348088549738237 0.03885221007165129
