0 0.1539859570821092 0.9172191811583952 0.0811225185104795 0.12905985929636002
0 0.2793404370428727 0.9455732411553228 0.05506053292566481 0.10885351768935436
0 0.22923535208051773 0.9462250586265165 0.06423728841327556 0.107549882746967
0 0.008442615048601936 0.9293212582104957 0.01688523009720387 0.08026045662686286
0 0.01816997586546938 0.9181969073651857 0.01284745768265512 0.07365537424489232
0 0.04625084765755837 0.9357959790874159 0.016151089658195047 0.09060262849592872
0 0.09029927399809011 0.9204782685143605 0.04625084765755865 0.10950533516054234
0 0.06387021819377113 0.91982645104317 0.019087651414230446 0.06909265194653628
0 0.4670968543193896 0.9390550664433852 0.026796126023823558 0.12188986711322897
0 0.43883244741754834 0.9455732411553228 0.02092300251175267 0.10885351768935436
0 0.39863825838181327 0.9266705344907041 0.015416949219186122 0.09060262849592947
0 0.3799176771870871 0.9344923441450291 0.013214527902159432 0.10885351768935393
0 0.34834963830970345 0.9338405266738319 0.019087651414230855 0.11146078757412488
0 0.36468426307765306 0.9305814393178664 0.014315738560672885 0.09320989838070431
0 0.38872736245519257 0.9159155462160062 0.008075544829097421 0.076914461600859
0 0.3054024226276874 0.9142860025380233 0.012480387463150677 0.0710481043601176
0 0.3364198561758118 0.8911464823106455 0.013581598121663986 0.03910904827162426
0 0.043314285901522975 0.900271926907358 0.01688523009720387 0.03910904827162412
0 0.07524939499840855 0.8983164744937764 0.012480387463150696 0.02607269884774965
0 0.22519757966596898 0.8914723910462423 0.015784019438690535 0.025420881376555828
0 0.25089249503127925 0.8986423832293735 0.009910895926619645 0.03324269103088057
0 0.6325627102760635 0.9582836818436007 0.046250847657558436 0.08343263631279868
0 0.680832444140891 0.9514395983960634 0.038542373047966 0.09712080320787306
0 0.7674610159439402 0.9390550664433839 0.053959322267151305 0.12188986711323146
0 0.6534857127878158 0.9328628004670443 0.016885230097203843 0.09255808090951063
0 0.7463544783224368 0.8950573871378079 0.01908765141423032 0.04823449286833664
0 0.7949912824067699 0.9178709986295853 0.017986440755717377 0.06518174711937805
0 0.8118765125039775 0.9380773402365931 0.010645036365627332 0.07430719171608603
0 0.8239731447376474 0.906079028014357 0.014349108580627927 0.03614624158438019
0 0.9599559760540619 0.9179302547633338 0.016685009977474293 0.03496111890948228
0 0.9778089367299592 0.9131897640637431 0.01568390937882569 0.04562722298356178
