0 0.9154746423927179 0.8649407433242405 0.1274382314694408 0.2701185133515189
0 0.988296488946684 0.7341737755144314 0.0234070221066321 0.11021364549308103
0 0.7470741222366709 0.8528145477390997 0.08972691807542262 0.2943709045218006
0 0.7194408322496748 0.7275717351084543 0.03446033810143035 0.09700956468112722
0 0.8946684005201562 0.7235296699134075 0.08452535760728225 0.17669599281205314
0 0.7838101430429133 0.7910899024591923 0.05526657997399216 0.22866540246265676
0 0.8351755526657998 0.767992387058924 0.03706111833550068 0.23559465708273764
0 0.6290637191157348 0.7547113157037697 0.02925877763328991 0.1559082289518116
0 0.6410923276983095 0.7368107412685617 0.015604681404421328 0.09700956468112722
0 0.5815994798439532 0.7472046231986824 0.0331599479843954 0.06929254620080513
0 0.5178803641092327 0.7928222161142124 0.030559167750325064 0.2436787874728314
0 0.09070221066319892 0.8349139733038912 0.09947984395318593 0.33017205339221556
0 0.012353706111833552 0.8204780261787239 0.024707412223667104 0.35904394764255215
0 0.053966189856957086 0.7310363624184947 0.04291287386215864 0.1362753408615835
0 0.19245773732119653 0.7858929614941323 0.04811443433029913 0.27139580595315305
0 0.2828348504551366 0.7743442037939978 0.032509752925877766 0.22982027823267057
0 0.3107932379713914 0.7708795764839574 0.023407022106631935 0.21134226591245575
0 0.43563068920676196 0.7882027130341587 0.03771131339401844 0.2506080420929115
0 0.4736671001300388 0.7743442037939977 0.035760728218465695 0.22751052669264335
0 0.4951235370611184 0.7298814866484813 0.011053315994798467 0.1408948439416372
0 0.4021456436931078 0.7749216416790045 0.027958387516255002 0.2009483839823347
0 0.35663198959687903 0.7547113157037697 0.035760728218465584 0.17900574435208
0 0.3309492847854355 0.744894871658656 0.022106631989597128 0.14089484394163745
0 0.3923927178153446 0.7327686760735149 0.022756827048114527 0.13973996817162393
0 0.4265279583875162 0.6894608346980113 0.02080624187256177 0.053124285420617375
0 0.45968790637191154 0.6952352135480786 0.01430429128738625 0.034646273100402775
0 0.1573472041612484 0.75817594301381 0.035110533159947936 0.1790057443520799
0 0.2278933680104031 0.7044742197081859 0.01365409622886865 0.06698279466077835
0 0.22586836364722337 0.6778703377359975 0.014398288105139524 0.034201018497149134
