0 0.9838293171991372 0.7486495419350411 0.03234136560172318 0.1690043694443398
0 0.971079355759997 0.8688930807106804 0.057841288480004645 0.14080933276591484
0 0.9132380672799916 0.8834881572553289 0.17352386544001613 0.23302368548934013
0 0.3899622352361662 0.5704403235463388 0.011195088092904553 0.0563900733568513
0 0.40613291803702817 0.5754159182542963 0.013682885446883222 0.07463392061936201
0 0.38063299515874627 0.5687817919770195 0.008707290738925622 0.0381462260943406
0 0.3436270095183126 0.5609037670227536 0.011817037431398987 0.02239017618580874
0 0.360419641657669 0.558001336776445 0.013060936108388361 0.018243847262510826
0 0.3495355282340121 0.5799768800699239 0.017414581477851288 0.04892668129491527
0 0.32870022539444027 0.5745866524696366 0.016792632139356486 0.026536505109106587
0 0.20120061100303005 0.601123157578743 0.03918280832516505 0.07131685748072357
0 0.24256024201292653 0.6052694865020409 0.027365770893766062 0.05804860492617024
0 0.36788303371960523 0.5886841708088495 0.019280429493335163 0.041463289232978935
0 0.35979769231917424 0.5994646260094231 0.03047551758624022 0.029853568247744735
0 0.2944930117772326 0.599464626009424 0.015548733462367076 0.019902378831829992
0 0.3066210238778789 0.6036109549327219 0.012438986769893674 0.023219441970468324
0 0.33056607340992433 0.6284889284725087 0.02674382155527158 0.04312182080229807
0 0.37130375508132596 0.6243425995492113 0.02985356824774486 0.05307301021821303
0 0.29480398644647976 0.6301474600418282 0.022390176185808398 0.0447803523716173
0 0.2612187221677669 0.6313913587188175 0.05473154178753217 0.052243744433553514
0 0.22918833123529075 0.6247572324415406 0.02923161890925017 0.048926681294915626
0 0.2702369875759397 0.6533669020122954 0.029231618909250426 0.07297538905004398
0 0.28143207566884426 0.6554400664739455 0.004353645369462811 0.004146328923297915
0 0.3414501868335811 0.6488059401966683 0.04104865634064911 0.055560807572191354
0 0.30382225185465267 0.6600010282895726 0.04664620038710136 0.0762924521886813
0 0.3737915524353047 0.6890253307526584 0.026121872216776722 0.04975594707957456
0 0.11381672894452695 0.6629034585358811 0.06717052855742578 0.1219020703449579
0 0.1495788159079712 0.7437568725401902 0.04540230171011157 0.12604839926825526
0 0.21332862310367637 0.6807326729060628 0.058463237818500505 0.09785336258982938
0 0.25531020345206756 0.7416837080785409 0.06032908583398431 0.20151158567227717
0 0.4098646140679962 0.7371227462629141 0.06219493384946818 0.1575604990853198
0 0.36974888173508946 0.7213666963543818 0.061572984510973254 0.08292657846595838
0 0.3330538707639028 0.7454154041095077 0.09142655275871858 0.11941427299097934
0 0.10728626089033266 0.7810738328498705 0.08023146466581393 0.1044874888671064
0 0.05193276976430604 0.8706345375931052 0.10386553952861208 0.25873092481378673
0 0.18223115617894187 0.8071957050666466 0.13931665182280925 0.15341417016202216
0 0.3470477308800327 0.8026347432510191 0.11692647563700032 0.1641946253625968
0 0.4736144212637011 0.8345614759604145 0.07152417392688852 0.33087704807917107
0 0.5827665301695184 0.713488671400116 0.03731696030968088 0.060536402280149275
0 0.6822784243286678 0.711000874046137 0.04353645369462782 0.09038997052789412
0 0.7211502579845857 0.7524641632791158 0.05908518715699496 0.08043878111197955
0 0.6493151093884457 0.7479032014634871 0.08085341400430882 0.10780455200574492
0 0.6682845642125373 0.9067075992257976 0.07152417392688838 0.1683409542858941
0 0.808223165373841 0.8511467916536057 0.036695010971186125 0.12024353877563883
0 0.7550464969325454 0.8892930177479453 0.1903164975793734 0.22141396450410578
0 0.5647299993531726 0.8627565126388397 0.15673123330065952 0.27448697472232
