0 0.028491620719211044 0.9150400466505438 0.04874470050756588 0.0947432207048455
0 0.10950393987263045 0.9137527746300984 0.04050615957670981 0.09525812951302569
0 0.15001009944934018 0.8939287855152261 0.017163626939283798 0.05663996889963641
0 0.13147338235491332 0.8939287855152253 0.017163626939283715 0.051490880817853045
0 0.23170896368033098 0.8923840590906907 0.02677525802528269 0.05869960413235049
0 0.44179175741716425 0.9302298564918112 0.10916066733384483 0.13851046940002007
0 0.559190965681865 0.9400131238472023 0.10916066733384461 0.11997375230559229
0 0.6724709034811377 0.9603520217702533 0.08719122485156339 0.07929595645948895
0 0.7116039729027045 0.9279127668550065 0.04599852019727956 0.14417446628998318
0 0.7435283190097729 0.9320320373204357 0.0425657948094241 0.13593592535912746
0 0.8032577407584798 0.9358938533817737 0.05904287667113548 0.12821229323644975
0 0.9795517366835889 0.9317745829163464 0.040896526632822984 0.1364508341673058
0 0.9172242236353247 0.8913542414743335 0.03432725387856763 0.044282157503352126
0 0.8722555210544002 0.8849178813721019 0.039133069421567794 0.05406542485874432
0 0.5310426175014399 0.8712727979553714 0.024029077714997276 0.02162616994349733
0 0.4984317263168007 0.8759069772289777 0.017850172016854935 0.0226559875598545
0 0.47302955844666067 0.8751346140167103 0.02334253263742628 0.018021808286248667
0 0.7816315708149827 0.8735898875921748 0.01990980724956808 0.025230531600747022
0 0.6882614402652795 0.8723026155717286 0.014417446628998505 0.031924346107067694
0 0.758320244771993 0.8748899259467089 0.01645438615666878 0.03063920180897016
0 0.8950618676601704 0.8878690322685641 0.013050030400116557 0.03872454673078118
