0 0.5233732164740894 0.8032212885154061 0.03881630777310917 0.30392156862745123
0 0.42568550857843124 0.7198879551820727 0.02717141544117701 0.1372549019607846
0 0.4476814163165265 0.8326330532212881 0.06986935399159655 0.3347338935574223
0 0.5809507396708681 0.48599439775910336 0.011644892331932272 0.030812324929972008
0 0.5059058779761905 0.49929971988795513 0.011644892331932723 0.029411764705882318
0 0.45059263939950983 0.5056022408963585 0.008410200017506924 0.03081232492997209
0 0.43118448551295513 0.5056022408963585 0.009704076943277257 0.03641456582633062
0 0.39657327774859946 0.511904761904762 0.009057138480392126 0.02380952380952387
0 0.3732834930847339 0.511904761904762 0.009057138480392126 0.026610644257703132
0 0.3354375930059524 0.5756302521008404 0.0097040769432774 0.022408963585434236
0 0.3202345391281512 0.5840336134453782 0.009057138480392187 0.044817927170868466
0 0.28659373905812324 0.5343137254901962 0.007763261554621792 0.040616246498599365
0 0.2781835390406162 0.5259103641456582 0.007763261554621863 0.02661064425770313
0 0.22966315432422973 0.6708683473389355 0.012938769257703093 0.1008403361344537
0 0.017790807729341735 0.6421568627450982 0.008410200017507 0.04621848739495795
0 0.11030300792191877 0.658263305322129 0.012291830794817927 0.06162464985994405
0 0.13003463103991597 0.661064425770308 0.010351015406162479 0.07002801120448182
0 0.14523768491771707 0.6638655462184873 0.01099795386904761 0.06722689075630249
0 0.1620580849527311 0.6547619047619048 0.018761215423669472 0.04061624649859951
