0 0.05970713649548953 0.9328294714425728 0.05970713649548954 0.13434105711485197
0 0.5597544046452151 0.8959271440252229 0.012438986769893745 0.058877870710830255
0 0.5815226314925289 0.8756101323010634 0.011195088092904228 0.02321944197046804
0 0.5715714420766141 0.9120978268260848 0.016170682800861726 0.09785336258983009
0 0.5221264696662867 0.8635857784234992 0.013060936108388235 0.020731644616489287
0 0.5382971524671483 0.8863905875016381 0.023012125524303085 0.06965832591140453
0 0.5031570148421989 0.8996588400561915 0.019902378831829628 0.09121923631255414
0 0.47734611729466947 0.9108539281490954 0.01554873346236711 0.0970240968051705
0 0.4642851811862812 0.9013173716255105 0.01803653081634586 0.07131685748072371
0 0.44966937173165616 0.8801710941166907 0.00746339206193612 0.012438986769894127
0 0.3971146526288553 0.8834881572553295 0.018036530816345788 0.048926681294914974
0 0.38591956453595083 0.8988295742715308 0.020524328170324728 0.05141447864889322
0 0.5221264696662863 0.9427806608584887 0.06654857921893174 0.11443867828302158
0 0.3479806548877751 0.8868052203939675 0.015548733462367105 0.060536402280149455
0 0.3262124280404614 0.9009027387331808 0.018036530816345844 0.05721933914151111
0 0.3066210238778789 0.9071222321181273 0.018658480154840475 0.05804860492617067
0 0.28609669570755436 0.8768540309780526 0.014926784123872352 0.01907311304717041
0 0.2419382926744318 0.939048964827521 0.03607306163269161 0.121902070344958
0 0.26743821555271396 0.9224636491343287 0.0534876431105426 0.15507270173134075
0 0.29791373313895286 0.9643415712596379 0.048512048402585446 0.07131685748072354
0 0.3591757429806798 0.9332441043349041 0.05162179509505869 0.13351179133019186
0 0.42230360083788965 0.9208051175650098 0.07587781929635186 0.1583897648699791
0 0.6062911929514209 0.8793418283320316 0.01554873346236711 0.05556080757219164
0 0.6140655596826042 0.8855613217169782 0.01990237883183006 0.06302419963412782
0 0.6790592655552993 0.866073575777478 0.01554873346236704 0.03897549187900012
0 0.69647384703315 0.8847320559323186 0.02923161890925028 0.09121923631255405
0 0.7344127566813257 0.8532199561152547 0.01306093610838829 0.02653650510910637
0 0.7440529714279934 0.8552931205769039 0.014926784123872742 0.033999897171042605
0 0.8056259559389667 0.8440980324839995 0.021146277508819224 0.038146226094340534
0 0.895808610020696 0.8378785390990525 0.022390176185808457 0.07214612326538315
0 0.9194426848834939 0.8557077534692334 0.054731541787532055 0.12438986769893674
0 0.7599126795596078 0.8702199047007761 0.030475517586239675 0.06219493384946844
0 0.7285042379656259 0.895927144025223 0.03358526427871336 0.11360941249836191
0 0.7729736156679965 0.9137563583954037 0.05659738980301625 0.17248728320919252
0 0.866887965780693 0.8988295742715295 0.15735318263915565 0.20234085145693684
0 0.5932302568430321 0.8756101323010632 0.011817037431398912 0.03980475766365968
0 0.15631084655051747 0.8946832453482333 0.01865848015484048 0.028195036678426263
0 0.13671944238793496 0.931585572765585 0.07152417392688859 0.1368288544688302
