0 0.29597434676995804 0.7920168067226893 0.05757752319677865 0.4159663865546219
0 0.8555896098706544 0.6717117654694246 0.008435655612562699 0.09652978551759972
0 0.8666363017442484 0.6856259687872768 0.017674706997750464 0.16088297586266634
0 0.9033916583418423 0.6386655325895257 0.007632259839937491 0.039133696831459376
0 0.8298809451466539 0.6617109318347181 0.010042447157812688 0.08696377073657623
0 0.8365089602708103 0.6460574531021347 0.008033957726250094 0.05391753785667738
0 0.8224495342498728 0.6604064752736696 0.014461123907250198 0.08783340844394211
0 0.7981468121279667 0.6608412941273528 0.013256030248311047 0.10609580029862299
0 0.7832839903344032 0.6556234678831578 0.01325603024831267 0.06783174117452959
0 0.7421099569873715 0.6577975621515725 0.007230561953625028 0.07044065429662688
0 0.7308624161706213 0.651710098200012 0.009640749271500226 0.07913703137028456
0 0.7198157242970273 0.6499708227852804 0.010042447157812688 0.07913703137028442
0 0.7097732771392157 0.6543190113221093 0.009239051385185828 0.07913703137028441
0 0.6898892317667459 0.6573627432978897 0.008033957726250094 0.07826739366291825
0 0.6985257363224645 0.6686680334936446 0.00923905138518776 0.08870304615130678
0 0.6685992437921828 0.6586671998589381 0.00883735349887516 0.0739192051260899
0 0.6766332015184332 0.6669287580789132 0.010444145044124829 0.08870304615130763
0 0.5912724006770256 0.6469270908095005 0.010042447157812688 0.04696043619775044
0 0.5806274066897441 0.6591020187126209 0.00883735349887516 0.07478884283345565
0 0.5161548959365869 0.6325780686379652 0.00763225983993749 0.03217659517253331
0 0.5207744216291806 0.6299691555158679 0.005623770408375179 0.025219493513607177
0 0.6055326756411195 0.7608496304744153 0.011247540816750074 0.16697043981422652
0 0.5874562707570565 0.758240717352319 0.020888290088250275 0.1774060923026169
0 0.5579314761130881 0.7347604992534429 0.024503571065061732 0.25219493513607133
0 0.621198893207307 0.7530228911081234 0.028922247814500465 0.2208879776709038
0 0.6418863343524015 0.7356301369608081 0.027717154155562865 0.2261058039150984
0 0.9418676749437564 0.7465006083028802 0.11626465011248684 0.5069987833942393
0 0.09821513320340766 0.6630153883957669 0.00923905138518764 0.04783007390511685
0 0.14742312427668966 0.6591020187126208 0.0072305619536251345 0.05217826244194583
0 0.15505538411662728 0.6608412941273525 0.004820374635750077 0.04348188536828815
0 0.11709493386009547 0.6534493736147435 0.007632259839937632 0.028698044343070064
