0 0.13636082565860166 0.5953606470443301 0.08449562496729467 0.1559040193057407
0 0.34450858472437623 0.5880103334790467 0.05289563514212747 0.10793355182705194
0 0.42350855928729386 0.5860760404355512 0.06526084855197552 0.10715983460965256
0 0.5413215648311231 0.574276852870228 0.056330416644863206 0.0804665906094159
0 0.604178066331184 0.5508719070439325 0.050147809939939024 0.055320781043972506
0 0.485334626336534 0.5533864880004769 0.025417383120243074 0.050291619130884015
0 0.46060419951683795 0.553773346609176 0.017173907513677804 0.0487441846960877
0 0.4444607264539809 0.5435215934786496 0.027478252021884374 0.03056183008722947
0 0.21810862542370785 0.5531930586961273 0.02541738312024311 0.04216758834820276
0 0.2943607747844373 0.5709885546962858 0.04465215953556233 0.08936433860949461
0 0.37439118379817565 0.5512587656526314 0.0288521646229786 0.04680989165259168
0 0.402556392120607 0.5412004418264544 0.01511303861203643 0.01972978904365543
0 0.3249303301587836 0.5442953106960478 0.017860863814224893 0.026693244000238467
