0 0.5589677712831045 0.6698069951016362 0.028326069490697846 0.057874047861386654
0 0.861112512517215 0.6602322445363332 0.03021447412341103 0.015745145374053634
0 0.7279799859109349 0.651295810675384 0.018884046327132042 0.009787522800087487
0 0.6987097141038806 0.6510830384405996 0.028326069490697915 0.015319600904484486
0 0.6170362137390353 0.6536363052580139 0.036823890337907075 0.018723956661036854
0 0.6647184307150428 0.6572534332493503 0.041544901919690576 0.025107123704572132
0 0.5093971496743833 0.6602322445363332 0.02927027180705472 0.03872454673078073
0 0.3908997589716305 0.6647004614668082 0.08497820847209357 0.0493631584700059
0 0.2941190215450792 0.734489754476131 0.0727035783594578 0.17872867721898025
0 0.7704690901469833 0.803200434567927 0.22472015129286785 0.3935991308641458
0 0.4650196408056232 0.8144773630115059 0.18789626095496206 0.3710452739769882
0 0.21575022928748233 0.8040662752506649 0.16145859609697807 0.33660567542909253
0 0.028326069490697867 0.697424831825995 0.05665213898139573 0.05438458450957924
0 0.11708108722821783 0.7457666829197066 0.1435187520862027 0.24468807000218531
0 0.5910706500392283 0.6883181795278905 0.0623173528795337 0.09489641671388956
