0 0.9008936168095485 0.7794153012805523 0.010573138754409678 0.03980475766365996
0 0.8470949990297588 0.7760982381419137 0.007463392061936247 0.038146226094340534
0 0.862643732492126 0.776098238141914 0.008707290738925622 0.0348291629557022
0 0.8949850980938497 0.7798299341728822 0.007463392061936247 0.04063402344831928
0 0.8862778073549239 0.7819030986345311 0.008707290738925622 0.04312182080229803
0 0.8775705166159983 0.7785860354958928 0.004975594707957498 0.038146226094340534
0 0.8741497952542774 0.7794153012805525 0.0055975440464527525 0.03648769452502152
0 0.8411864803140593 0.7810738328498712 0.008085341400430933 0.03482916295570247
0 0.8085341400430883 0.768220213187648 0.00621949338494673 0.02902430246308512
0 0.7687293823794282 0.7744397065725949 0.0087072907389259 0.036487694525021284
0 0.7814793438185693 0.7723665421109458 0.008085341400431071 0.03234136560172408
0 0.7988939252964207 0.7790006683882226 0.009329240077420588 0.03565842874036177
0 0.7904976092267424 0.7756836052495839 0.007463392061935731 0.030682834032404776
0 0.7474352986804067 0.7807255536811065 0.00887831512501764 0.0386284587895529
0 0.7210339931770651 0.7679532406942394 0.005607356921064053 0.029282863921112182
0 0.6820161346013282 0.7732490777863554 0.005140077177642013 0.02990590357900814
0 0.6885580510092362 0.7732490777863552 0.004205517690798217 0.02741374494742402
0 0.7095856394632208 0.7801025140232071 0.007943755638173303 0.039874538105346455
0 0.7306132279172162 0.7782333950495235 0.007009196151329888 0.0411206174211361
0 0.6205688483413343 0.7832177123126906 0.006541916407909373 0.03489022084217586
0 0.7317814272757608 0.8900690136418412 0.09345594868439573 0.14516824028976422
0 0.955374784503192 0.8660642301826078 0.08925043099360183 0.26787153963478405
0 0.6156624110354038 0.7735605976153033 0.006074636664486021 0.029282863921112182
0 0.563093439900429 0.7769873157337315 0.006541916407907919 0.03489022084217609
0 0.5787473113050661 0.7744951571021474 0.0070091961513299595 0.033644141526384036
0 0.5880929061735061 0.7794794743653154 0.007009196151330102 0.03613630015796801
0 0.6058495364235419 0.7835292321416393 0.007009196151330102 0.03426718118427985
0 0.597204861170235 0.7844637916284831 0.007476475894752 0.03239806221059212
0 0.5516450861865898 0.7794794743653152 0.00607463666448589 0.03489022084217577
0 0.532252976834577 0.7829061924837436 0.00654191640790799 0.03302110186848793
0 0.5448695299069709 0.7788564347074194 0.006541916407907919 0.03489022084217609
0 0.5387948932424846 0.7816601131679498 0.004672797434220097 0.034267181184282756
0 0.5189355041470499 0.7807255536811075 0.007009196151329888 0.03239806221059197
0 0.3296872080611395 0.7866444304311194 0.008878315125017943 0.03426718118427998
0 0.31426697652821317 0.8414719203259661 0.047195254085621946 0.12398489192130685
0 0.5240755813246919 0.8607861497207437 0.053737170493529975 0.08037211586858418
0 0.4782821664693314 0.8664202963964063 0.14999679763845375 0.2671594072071557
0 0.3784965921718201 0.8800648658550169 0.09999786509230922 0.23987026828995503
0 0.23877994888864087 0.8772611873944806 0.11027801944759494 0.24547762521101057
0 0.10280154355283878 0.8794418261971191 0.081306675355427 0.2411163476057436
0 0.16541702917138662 0.9121514082366531 0.05513900972379691 0.17569718352666366
0 0.010513794226994994 0.7765779796291722 0.021027588453989988 0.06678984942508535
0 0.01962574922372391 0.903740372855066 0.03925149844744782 0.1925192542898679
0 0.2002878239085283 0.7838316357226551 0.0052661128109168205 0.026681638241977276
0 0.21433079140430528 0.7779803992660803 0.007372557935284882 0.01872395666103825
0 0.3196530476226367 0.7749377563086618 0.008074706310072049 0.015447264245356156
0 0.29911520766006294 0.7784484981826065 0.005617186998311039 0.015915363161881576
0 0.2887585191319269 0.7840656851809179 0.005266112810916632 0.030894528490710883
0 0.14920652964263703 0.7875764270548622 0.004915038623522141 0.03042642957418508
0 0.13446141377207055 0.7878104765131251 0.005617186998311025 0.027149737158503617
0 0.12743993002418194 0.7852359324722326 0.0056171869983109276 0.024809242575873924
0 0.11901414952671527 0.7889807238044396 0.007021483747888585 0.02387304474282238
0 0.3538827808935964 0.7601926404380954 0.006319335373099715 0.009361978330517905
0 0.49483906713246417 0.777746349807818 0.007372557935283423 0.012638670746199803
0 0.5692667948600826 0.7775123003495534 0.004563964436129545 0.03089452849071193
0 0.5734796851088189 0.7772782508912917 0.004563964436128201 0.027617836075030332
0 0.5116906281273973 0.7814911411400248 0.004563964436128392 0.03042642957418391
0 0.3107006558440801 0.7770442014330291 0.006319335373099904 0.011234373996622082
