0 0.30445871282517845 0.770098366236375 0.03239806221059194 0.10342458321073547
0 0.2674916931233482 0.7361427048810394 0.05648892898257375 0.09158682971071892
0 0.4847248538430889 0.7473574187231715 0.037382379473760066 0.06541916407908019
0 0.44941927322898223 0.7417500618021075 0.02824446449128537 0.051712291605367965
0 0.088471631421232 0.8049885870785496 0.06894972214049096 0.1956344525793412
0 0.15368311561434564 0.8124650629732956 0.09968634526335839 0.24298546657943554
0 0.22761715501800456 0.8380096889470359 0.12460793157920208 0.28036784605320625
0 0.6782825075627791 0.7716559653811147 0.05233533126326451 0.1277231298686795
0 0.728956399738321 0.7227473522362793 0.020767988596533372 0.031151982894799913
0 0.5960412727205076 0.7215012729204874 0.03572094038603737 0.037382379473760066
0 0.5628124909660526 0.7891010758022019 0.08390267392999445 0.1688437472898139
0 0.630516133790753 0.7856743576837754 0.05316605080712562 0.14329912131608025
0 0.9328980477562792 0.7769518024732315 0.06811900259662948 0.14952951789504026
0 0.8801473567210841 0.7750826834995433 0.05565820943870932 0.14454520063187218
0 0.7140034479488171 0.7965775516969557 0.07559547849138128 0.16884374728981613
0 0.8078747564051468 0.7772633223021775 0.08722555210543775 0.1950114129214477
0 0.9780790974921965 0.7972005913548509 0.04384180501560078 0.19625749223724165
