0 0.025745440408925662 0.7942939311326831 0.051490880817851324 0.4114121377346318
0 0.6250992931287149 0.6624301817216574 0.004805815542999383 0.012872720204462807
0 0.6093087563445739 0.6626876361257463 0.004805815542999383 0.01441744662899822
0 0.612741481732431 0.6616578185093893 0.004805815542999378 0.01750689947806994
0 0.6196069325081444 0.6624301817216568 0.0075519958532847846 0.016991990669891138
0 0.5121626278682271 0.6588258200644073 0.00549236062057076 0.01081308497174928
0 0.33503399785481913 0.6629450905298349 0.012357811396284326 0.03552870776431642
0 0.2756478486448971 0.6753029019261185 0.02128289740471218 0.052005789626027
0 0.2272464206761163 0.6765901739465597 0.020596352327142388 0.05663996889963168
0 0.25264858854625694 0.6814818076242614 0.023342532637426118 0.05715487770781378
0 0.357346712875887 0.7273086915521431 0.07208723314499066 0.1858820797524411
0 0.5554149677552203 0.7211297858540026 0.05217742589542271 0.17043481550708628
0 0.781631570814978 0.7162381521763073 0.05011779066270898 0.1390253782081949
0 0.9673420142980329 0.7067123392250074 0.052177425895423374 0.1261526580037356
