0 0.981963469183654 0.8142444642362541 0.017414581477850983 0.06799979434208528
0 0.9387379901582736 0.8159029958055737 0.008085341400430934 0.05141447864889386
0 0.8973783591483772 0.8100981353129566 0.012438986769893745 0.0447803523716172
0 0.9272319273961221 0.8084396037436377 0.008707290738925762 0.03482916295570248
0 0.9172807379802069 0.8138298313439247 0.009951189415914996 0.04229255501763844
0 0.965481811713545 0.8150737300209139 0.014304834785377524 0.05804860492617052
0 0.948067230235694 0.8167322615902333 0.014304834785377793 0.054731541787532194
0 0.9763659251372019 0.8295858812524568 0.014926784123872494 0.06219493384946844
0 0.8637930948696642 0.7960006169737439 0.01119508809290437 0.021560910401149158
0 0.875921106970311 0.8532199561152541 0.02923161890925102 0.14429224653076655
0 0.9334514207810688 0.8515614245459353 0.021146277508819367 0.04312182080229803
0 0.9135490419492389 0.8594394495002013 0.019902378831829708 0.02404870775512762
0 0.8386041466606298 0.894683245348233 0.06530468054194098 0.2106335093035328
0 0.7045740642150256 0.8880491190709572 0.034829162955702056 0.20399938302625614
0 0.7282081390778227 0.8130005655592651 0.021146277508819207 0.04395108658695806
0 0.7516257755708251 0.8950978782405627 0.057841288480005124 0.20980424351887314
0 0.6623760454968373 0.8635857784234977 0.0298535682477444 0.1882433331177243
0 0.6179066677944678 0.8200493247288716 0.01554873346236704 0.07463392061936219
0 0.6430956160035024 0.8876344861786255 0.04726814972559578 0.22141396450410697
0 0.48698633204133707 0.8026347432510206 0.007463392061936105 0.04146328923297915
0 0.45029132107015085 0.8009762116817016 0.0074633920619361 0.043121820802298316
0 0.4176389807991799 0.7914396551581162 0.006841442723441551 0.015756049908531966
0 0.431321866246063 0.8237810207598397 0.014304834785377425 0.08209731268129844
0 0.40613291803702845 0.8420248680223505 0.023634074862798206 0.11526794406768111
0 0.3831207925127249 0.8026347432510206 0.00870729073892555 0.023219441970468324
0 0.370370831073584 0.8453419311609892 0.02052432817032441 0.12024353877563905
0 0.32838925072519287 0.7906103893734567 0.012438986769893674 0.022390176185808457
0 0.3414501868335813 0.8615126139618502 0.031097466924734203 0.19073113047170265
0 0.30506615053164216 0.7955859840814141 0.015548733462367076 0.03068283403240457
0 0.3156392892860517 0.844098032483999 0.018036530816345698 0.11941427299097926
0 0.2879625437230384 0.8424395009146799 0.023634074862798084 0.12604839926825653
0 0.2490907100671205 0.794342085404425 0.01803653081634575 0.03482916295570253
0 0.20648718038023492 0.7980737814353929 0.013682885446883048 0.02239017618580874
0 0.19280429493335183 0.7819030986345308 0.014926784123872423 0.019902378831829704
0 0.19311526960259928 0.8615126139618503 0.027987720232260663 0.14429224653076633
0 0.2378956219742162 0.8573662850385526 0.02301212552430336 0.15092637280804358
0 0.22079201516561262 0.8470004627303076 0.00995118941591499 0.135170322899511
0 0.16917022007055388 0.8353907417450739 0.02114627750881926 0.11360941249836203
0 0.07339002194237262 0.8540492218999143 0.0261218722167767 0.15590196751600063
0 0.051932769764306067 0.7976591485430631 0.014304834785377718 0.031512099817064154
0 0.010884113423656961 0.8465029045248713 0.021768226847313922 0.12588254864204246
0 0.03296331494021821 0.8557077534692329 0.03358526427871289 0.15424343594668125
0 0.523592715231788 0.8371964679911702 0.0223509933774833 0.13576158940397343
